1 0.799791 0.799411 0.792542 0.799479 0.792688 0.794562 0.795389 0.797202 0.793569 0.79406 0.792868 0.795684 0.795847 0.795647 0.79114 0.798832 0.792931 0.796927 0.790613 0.797714 0.791614 0.795871 0.794597 0.798362 0.79705 0.790881 0.794121 0.793819 0.79466 0.797207 0.797247 0.790525 0.78982 0.792886 0.794277 0.793879 0.792924 0.794389 0.797128 0.795611 0.798745 0.794121 0.791377 0.796074 0.790262 0.78894 0.79515 0.787487 0.790779 0.794018 0.791795 0.794837 0.792714 0.791703 0.791696 0.794394 0.796237 0.790371 0.797191 0.793581 0.793465 0.791745 0.79542 0.794866 0.791785 0.78799 0.792191 0.788207 0.788979 0.795576 0.788945 0.798257 0.788652 0.79334 0.791576 0.796277 0.791403 0.794853 0.786803 0.794079 0.791283 0.786525 0.793227 0.793413 0.789368 0.792629 0.793516 0.794016 
0.799791 1 0.793616 0.791954 0.793709 0.799387 0.796757 0.793955 0.793112 0.797301 0.797188 0.792207 0.794554 0.798504 0.792292 0.793803 0.798327 0.794368 0.796029 0.796165 0.797995 0.793101 0.79322 0.796184 0.796325 0.794981 0.792829 0.792258 0.795099 0.793648 0.79363 0.798485 0.79023 0.794043 0.797079 0.796556 0.791697 0.791335 0.795119 0.795355 0.791905 0.797426 0.795142 0.797033 0.801167 0.790492 0.792968 0.795836 0.790569 0.79786 0.793525 0.792358 0.799392 0.79542 0.793845 0.794677 0.797336 0.793472 0.795007 0.798049 0.795269 0.793051 0.791081 0.793766 0.794082 0.793537 0.794751 0.792759 0.792224 0.790056 0.791677 0.789155 0.792123 0.787942 0.7935 0.792468 0.793793 0.789549 0.791677 0.787995 0.789865 0.791374 0.78967 0.793346 0.79162 0.792016 0.792512 0.788348 0.798483 
0.799411 0.793616 1 0.799868 0.797951 0.798677 0.794582 0.801732 0.795926 0.797555 0.796548 0.797951 0.797791 0.799659 0.798219 0.795585 0.798024 0.796779 0.803247 0.801079 0.797343 0.797608 0.795342 0.797839 0.794799 0.7985 0.799119 0.799903 0.796764 0.804991 0.799222 0.798491 0.802251 0.797323 0.803358 0.800066 0.796234 0.792708 0.796269 0.799048 0.799415 0.796415 0.794749 0.797617 0.798323 0.794496 0.790919 0.795523 0.794566 0.793542 0.800468 0.796305 0.799353 0.800657 0.796686 0.798133 0.797199 0.798229 0.79798 0.798586 0.79221 0.797759 0.795822 0.798093 0.792321 0.793731 0.80122 0.79656 0.79282 0.792381 0.796201 0.799318 0.793192 0.792585 0.801516 0.79747 0.796473 0.795993 0.799766 0.792097 0.798871 0.795786 0.797115 0.794888 0.796696 0.79402 0.795028 0.794849 0.802212 
0.792542 0.791954 0.799868 1 0.792779 0.794122 0.795968 0.79649 0.793309 0.791878 0.796946 0.789815 0.79396 0.795444 0.794872 0.78987 0.792618 0.795769 0.79531 0.801787 0.795303 0.79446 0.796434 0.796689 0.796085 0.793458 0.7935 0.792235 0.796895 0.803867 0.796992 0.794492 0.791542 0.793807 0.800238 0.796711 0.796259 0.795437 0.799544 0.796492 0.798966 0.79428 0.794389 0.797275 0.790858 0.793285 0.79091 0.789927 0.793447 0.792792 0.794799 0.792325 0.798748 0.796784 0.790475 0.799757 0.797854 0.790754 0.791453 0.794666 0.791334 0.792669 0.792017 0.795872 0.790076 0.796936 0.793445 0.793754 0.793137 0.790288 0.795391 0.7941 0.796187 0.796557 0.795285 0.789994 0.792155 0.793491 0.791627 0.789282 0.795241 0.793294 0.792195 0.795669 0.794128 0.791386 0.791214 0.796707 0.80178 
0.799479 0.793709 0.797951 0.792779 1 0.797528 0.796422 0.802597 0.79807 0.794986 0.800237 0.791778 0.796706 0.800213 0.797478 0.794367 0.799258 0.797405 0.80156 0.797237 0.792584 0.795606 0.794195 0.796354 0.796642 0.799399 0.797021 0.796318 0.799256 0.799 0.79551 0.800228 0.795411 0.792586 0.79585 0.797622 0.796396 0.796811 0.799561 0.799717 0.799717 0.798989 0.799378 0.799381 0.802395 0.796257 0.792143 0.798157 0.796059 0.794464 0.795914 0.792828 0.798225 0.798118 0.796231 0.797674 0.793332 0.795035 0.796046 0.796847 0.795154 0.797243 0.796674 0.796928 0.796687 0.793082 0.797279 0.79485 0.794658 0.797185 0.800551 0.800642 0.796701 0.797491 0.796067 0.794483 0.795762 0.794752 0.79277 0.787256 0.798181 0.794689 0.796249 0.793299 0.794292 0.790913 0.797255 0.797484 0.800183 
0.792688 0.799387 0.798677 0.794122 0.797528 1 0.793476 0.796599 0.793454 0.799275 0.796407 0.794271 0.794821 0.796803 0.797795 0.797101 0.796551 0.791902 0.793227 0.795883 0.799934 0.796173 0.795087 0.79501 0.794577 0.794424 0.799818 0.795976 0.793293 0.799616 0.796194 0.798652 0.797929 0.792753 0.801811 0.797499 0.794949 0.797097 0.794396 0.795618 0.801067 0.794939 0.798259 0.795414 0.792889 0.790549 0.793227 0.794128 0.790501 0.792482 0.790679 0.795109 0.799413 0.797109 0.788893 0.794481 0.796889 0.797263 0.790518 0.790535 0.793892 0.793462 0.79399 0.798008 0.796539 0.791161 0.791082 0.795565 0.794357 0.793504 0.796324 0.794652 0.799106 0.787095 0.794664 0.793462 0.795532 0.79765 0.791532 0.791292 0.790738 0.793776 0.791622 0.797037 0.796066 0.793626 0.790391 0.79728 0.796299 
0.794562 0.796757 0.794582 0.795968 0.796422 0.793476 1 0.794559 0.795449 0.788799 0.796766 0.789853 0.794655 0.798028 0.7964 0.792055 0.794622 0.796017 0.794585 0.794583 0.794045 0.795978 0.796045 0.79564 0.795968 0.791135 0.795095 0.790354 0.79632 0.796517 0.794319 0.795657 0.793219 0.790568 0.795144 0.78755 0.792566 0.792315 0.796353 0.796646 0.792676 0.795731 0.79691 0.789829 0.795275 0.791332 0.786845 0.794898 0.791382 0.790952 0.790211 0.79133 0.793473 0.791949 0.795572 0.789068 0.790979 0.79537 0.794369 0.793591 0.790453 0.795063 0.792258 0.790519 0.792627 0.7891 0.790562 0.793234 0.792673 0.792632 0.791185 0.792195 0.794579 0.793434 0.791576 0.791253 0.793658 0.792425 0.79335 0.782982 0.794536 0.78873 0.789033 0.792979 0.789647 0.794002 0.78912 0.79345 0.797454 
0.795389 0.793955 0.801732 0.79649 0.802597 0.796599 0.794559 1 0.796119 0.796004 0.79538 0.793901 0.794878 0.798788 0.796585 0.792536 0.793624 0.796741 0.799156 0.800821 0.798758 0.79318 0.793349 0.794681 0.793528 0.79789 0.794277 0.797061 0.796047 0.803797 0.795958 0.790485 0.796462 0.792372 0.793295 0.79557 0.794684 0.792192 0.793702 0.796573 0.79721 0.795789 0.802579 0.795816 0.800549 0.792051 0.790987 0.795944 0.792445 0.792324 0.791825 0.795741 0.797817 0.791034 0.796688 0.792834 0.795712 0.796223 0.79253 0.790969 0.797241 0.795903 0.790287 0.79792 0.792328 0.792926 0.795474 0.793034 0.790784 0.797001 0.796495 0.793634 0.793577 0.789805 0.795152 0.793766 0.79423 0.792003 0.791675 0.788723 0.796885 0.790928 0.792407 0.794064 0.791175 0.794704 0.789045 0.794486 0.79277 
0.797202 0.793112 0.795926 0.793309 0.79807 0.793454 0.795449 0.796119 1 0.792877 0.794749 0.791531 0.794195 0.794746 0.791648 0.790612 0.795433 0.796015 0.798557 0.796839 0.798685 0.798072 0.797013 0.793249 0.795421 0.793976 0.791823 0.794089 0.795991 0.800513 0.792657 0.795073 0.796904 0.796184 0.798958 0.797234 0.796214 0.795282 0.795652 0.798937 0.800726 0.794717 0.792258 0.793567 0.800153 0.789994 0.795104 0.79402 0.794225 0.796856 0.796826 0.790806 0.799283 0.79277 0.794892 0.791588 0.795608 0.793687 0.795142 0.796078 0.790975 0.79935 0.7923 0.794128 0.790533 0.791426 0.79261 0.793458 0.788666 0.794757 0.795184 0.790426 0.792094 0.79169 0.791461 0.794716 0.796797 0.795177 0.796861 0.783635 0.792274 0.790228 0.79086 0.789819 0.795611 0.78787 0.793417 0.791944 0.795396 
0.793569 0.797301 0.797555 0.791878 0.794986 0.799275 0.788799 0.796004 0.792877 1 0.798018 0.791012 0.791474 0.791014 0.790737 0.79506 0.790846 0.791517 0.79371 0.796509 0.795171 0.79216 0.788971 0.795334 0.789278 0.797789 0.790975 0.792027 0.794923 0.799372 0.796569 0.794641 0.791268 0.793434 0.794576 0.795669 0.78927 0.791724 0.794757 0.795828 0.798093 0.791692 0.791047 0.794688 0.794134 0.789287 0.790773 0.792077 0.784699 0.792535 0.790076 0.791086 0.793071 0.794177 0.792383 0.792294 0.793958 0.790328 0.792216 0.792353 0.788436 0.790007 0.790963 0.794742 0.793031 0.786999 0.791831 0.792399 0.78899 0.792818 0.794848 0.794641 0.790344 0.787175 0.787523 0.795708 0.792926 0.789766 0.788905 0.786048 0.788043 0.790669 0.785595 0.789076 0.79423 0.790336 0.78934 0.788036 0.790426 
0.79406 0.797188 0.796548 0.796946 0.800237 0.796407 0.796766 0.79538 0.794749 0.798018 1 0.794174 0.794603 0.796699 0.794167 0.793672 0.799702 0.793954 0.796837 0.793941 0.796764 0.792684 0.794091 0.794896 0.797954 0.796177 0.794372 0.795323 0.796539 0.797698 0.797268 0.796725 0.79289 0.794253 0.796781 0.792874 0.797717 0.795087 0.793308 0.801178 0.792513 0.795367 0.798013 0.793582 0.79843 0.794876 0.792063 0.791344 0.790621 0.793609 0.794666 0.793815 0.797062 0.793359 0.796591 0.793838 0.795428 0.792549 0.796482 0.79454 0.788783 0.796087 0.79446 0.793948 0.793941 0.791297 0.794024 0.797976 0.794054 0.797034 0.792887 0.79095 0.792207 0.790083 0.791077 0.794453 0.793818 0.794881 0.794666 0.787526 0.793014 0.793348 0.79121 0.7943 0.795993 0.792786 0.791806 0.795463 0.796245 
0.792868 0.792207 0.797951 0.789815 0.791778 0.794271 0.789853 0.793901 0.791531 0.791012 0.794174 1 0.791715 0.792664 0.788294 0.792501 0.794475 0.79505 0.789828 0.794558 0.793408 0.790309 0.789704 0.790443 0.791335 0.798339 0.787448 0.79105 0.795402 0.796785 0.79441 0.795188 0.795182 0.788385 0.791606 0.794541 0.791546 0.789544 0.793053 0.79415 0.79249 0.792974 0.793794 0.793498 0.79604 0.791464 0.787222 0.795005 0.789193 0.792249 0.791747 0.789359 0.790668 0.790657 0.793249 0.790155 0.790671 0.791071 0.79356 0.791004 0.784496 0.791585 0.787061 0.795359 0.792735 0.790485 0.788414 0.79136 0.790249 0.794489 0.791425 0.79062 0.792335 0.789101 0.791747 0.788796 0.792504 0.788471 0.793035 0.788442 0.783784 0.791816 0.791443 0.787782 0.789664 0.789188 0.789075 0.792793 0.792457 
0.795684 0.794554 0.797791 0.79396 0.796706 0.794821 0.794655 0.794878 0.794195 0.791474 0.794603 0.791715 1 0.794598 0.797191 0.793035 0.795023 0.7949 0.79236 0.792665 0.79687 0.792551 0.790849 0.794608 0.794171 0.793201 0.795796 0.79522 0.791316 0.798716 0.794592 0.79887 0.795111 0.788606 0.793278 0.793309 0.794068 0.792618 0.796055 0.801281 0.79878 0.791905 0.796725 0.790421 0.797109 0.78981 0.789849 0.793921 0.794583 0.788309 0.794486 0.795636 0.791481 0.788125 0.793633 0.790954 0.79534 0.7923 0.791295 0.79498 0.790492 0.797153 0.792593 0.791357 0.794842 0.788114 0.791688 0.790788 0.790525 0.793548 0.793399 0.793747 0.797024 0.788959 0.796699 0.7945 0.795639 0.792275 0.796778 0.786983 0.788714 0.787825 0.791662 0.794131 0.796469 0.79349 0.792571 0.796716 0.798115 
0.795847 0.798504 0.799659 0.795444 0.800213 0.796803 0.798028 0.798788 0.794746 0.791014 0.796699 0.792664 0.794598 1 0.794316 0.795214 0.794531 0.800562 0.799082 0.799598 0.800982 0.795251 0.796962 0.800604 0.795526 0.799139 0.795468 0.797712 0.795632 0.799524 0.798603 0.799031 0.798077 0.794537 0.798734 0.79954 0.794671 0.796227 0.792968 0.794247 0.795862 0.793279 0.798069 0.793632 0.796837 0.789726 0.79627 0.79504 0.799269 0.792374 0.793927 0.798173 0.800426 0.797586 0.798294 0.794481 0.797915 0.793629 0.793553 0.792409 0.796497 0.797576 0.793671 0.796486 0.796614 0.794128 0.792152 0.79874 0.796043 0.795846 0.797169 0.79587 0.797629 0.791747 0.79257 0.796898 0.800396 0.797018 0.79288 0.790219 0.798395 0.790853 0.792881 0.796014 0.798274 0.8004 0.796607 0.796035 0.799189 
0.795647 0.792292 0.798219 0.794872 0.797478 0.797795 0.7964 0.796585 0.791648 0.790737 0.794167 0.788294 0.797191 0.794316 1 0.789682 0.795071 0.791888 0.797244 0.793018 0.799853 0.799182 0.791622 0.79355 0.792666 0.798933 0.791631 0.791225 0.792019 0.795596 0.795896 0.793288 0.79696 0.791071 0.798068 0.793003 0.795649 0.795123 0.794202 0.797672 0.799843 0.797583 0.791264 0.795191 0.796179 0.793421 0.792327 0.793324 0.793806 0.793926 0.789726 0.790961 0.800891 0.796421 0.793344 0.795155 0.792642 0.793465 0.792573 0.795777 0.791032 0.792976 0.790737 0.796159 0.795216 0.794987 0.790261 0.792902 0.794797 0.792244 0.79776 0.799889 0.788495 0.790416 0.790762 0.791675 0.794422 0.794462 0.791694 0.789254 0.795344 0.79035 0.790177 0.796178 0.790334 0.792349 0.793463 0.791435 0.800657 
0.79114 0.793803 0.795585 0.78987 0.794367 0.797101 0.792055 0.792536 0.790612 0.79506 0.793672 0.792501 0.793035 0.795214 0.789682 1 0.796551 0.796995 0.795119 0.794641 0.797261 0.797015 0.793706 0.796271 0.793851 0.792279 0.794195 0.793316 0.791323 0.79822 0.792485 0.792533 0.79311 0.789236 0.795582 0.794841 0.795995 0.791935 0.793263 0.795296 0.794719 0.79255 0.795763 0.793779 0.795578 0.789919 0.791469 0.789934 0.788749 0.791726 0.79024 0.790752 0.789569 0.79279 0.793171 0.79508 0.790792 0.785848 0.790153 0.790615 0.788432 0.793497 0.793656 0.794649 0.789649 0.793053 0.789778 0.794184 0.790271 0.791126 0.790636 0.790928 0.795877 0.791029 0.789741 0.792345 0.797632 0.788851 0.792127 0.786713 0.786662 0.79174 0.788563 0.793741 0.791848 0.792764 0.788759 0.790336 0.793834 
0.798832 0.798327 0.798024 0.792618 0.799258 0.796551 0.794622 0.793624 0.795433 0.790846 0.799702 0.794475 0.795023 0.794531 0.795071 0.796551 1 0.796123 0.797749 0.795225 0.798956 0.798195 0.798653 0.794293 0.798092 0.800666 0.793612 0.79449 0.794625 0.800005 0.799894 0.797572 0.791976 0.798634 0.79239 0.796461 0.794234 0.791799 0.797689 0.800344 0.79682 0.793004 0.795515 0.793963 0.799049 0.794094 0.791783 0.796101 0.790554 0.790649 0.797006 0.796998 0.802976 0.795808 0.796001 0.795111 0.794551 0.793035 0.797389 0.796759 0.7935 0.799183 0.795404 0.79631 0.795259 0.79311 0.795239 0.793337 0.791164 0.799727 0.792792 0.799197 0.796815 0.79229 0.794278 0.793949 0.797379 0.793358 0.795402 0.788156 0.794893 0.793237 0.791864 0.792722 0.795628 0.799082 0.793398 0.794655 0.799167 
0.792931 0.794368 0.796779 0.795769 0.797405 0.791902 0.796017 0.796741 0.796015 0.791517 0.793954 0.79505 0.7949 0.800562 0.791888 0.796995 0.796123 1 0.794866 0.797325 0.794986 0.79299 0.796548 0.794896 0.793252 0.792651 0.79388 0.792798 0.795025 0.803596 0.793883 0.792799 0.795435 0.791373 0.793353 0.795083 0.792611 0.793839 0.797441 0.797726 0.793729 0.798541 0.797278 0.79077 0.796771 0.788942 0.786686 0.792219 0.790767 0.79275 0.791147 0.797447 0.7934 0.798109 0.794746 0.795944 0.795808 0.79512 0.793892 0.793993 0.791428 0.796311 0.788482 0.790701 0.791192 0.789069 0.793459 0.790294 0.792892 0.793457 0.795013 0.792039 0.792809 0.784422 0.794342 0.792156 0.793442 0.792851 0.792407 0.78117 0.788501 0.792198 0.788937 0.790596 0.791574 0.790884 0.786554 0.792241 0.79299 
0.796927 0.796029 0.803247 0.79531 0.80156 0.793227 0.794585 0.799156 0.798557 0.79371 0.796837 0.789828 0.79236 0.799082 0.797244 0.795119 0.797749 0.794866 1 0.798168 0.800926 0.798731 0.793415 0.798691 0.796411 0.798138 0.795865 0.794702 0.796312 0.796266 0.795216 0.797118 0.794207 0.794589 0.800051 0.797228 0.79895 0.790889 0.794756 0.798551 0.803487 0.796006 0.796459 0.797714 0.79802 0.793061 0.794051 0.794358 0.792356 0.792481 0.794061 0.796301 0.798348 0.798402 0.796187 0.793864 0.794308 0.791766 0.797588 0.794066 0.793185 0.796853 0.797244 0.801625 0.795936 0.796073 0.797071 0.796768 0.793752 0.798911 0.793291 0.799164 0.793596 0.794228 0.792163 0.793612 0.794712 0.795956 0.796467 0.791407 0.797535 0.794712 0.794469 0.791563 0.801802 0.795257 0.795173 0.798684 0.798465 
0.790613 0.796165 0.801079 0.801787 0.797237 0.795883 0.794583 0.800821 0.796839 0.796509 0.793941 0.794558 0.792665 0.799598 0.793018 0.794641 0.795225 0.797325 0.798168 1 0.799335 0.796184 0.795078 0.794363 0.799459 0.797614 0.795109 0.795156 0.80233 0.803552 0.795835 0.795913 0.793012 0.796661 0.798202 0.80215 0.798264 0.800157 0.795496 0.797966 0.800071 0.795724 0.792376 0.796606 0.798808 0.792275 0.800662 0.795724 0.79229 0.79263 0.796417 0.796613 0.797417 0.796265 0.795461 0.796458 0.796152 0.794612 0.795658 0.795622 0.794628 0.797995 0.795599 0.796873 0.798776 0.790376 0.791849 0.798421 0.794022 0.797638 0.794936 0.793545 0.795183 0.796228 0.794484 0.795473 0.795968 0.798957 0.794581 0.787703 0.792164 0.795506 0.795563 0.794076 0.794898 0.796198 0.795238 0.793758 0.798225 
0.797714 0.797995 0.797343 0.795303 0.792584 0.799934 0.794045 0.798758 0.798685 0.795171 0.796764 0.793408 0.79687 0.800982 0.799853 0.797261 0.798956 0.794986 0.800926 0.799335 1 0.802058 0.801429 0.796888 0.799127 0.799142 0.79531 0.794662 0.796444 0.798456 0.797991 0.799889 0.799879 0.793352 0.798015 0.797477 0.79622 0.794806 0.793337 0.798262 0.801273 0.796293 0.803845 0.798764 0.794636 0.791599 0.798437 0.797824 0.79066 0.792294 0.794128 0.797507 0.796588 0.797214 0.795887 0.793195 0.795588 0.796938 0.796093 0.794366 0.790869 0.797441 0.792896 0.798208 0.796362 0.794237 0.794128 0.793769 0.797982 0.795333 0.791925 0.795544 0.796496 0.794556 0.79805 0.795687 0.799681 0.795363 0.795638 0.789123 0.794391 0.79504 0.793658 0.793809 0.797717 0.793936 0.795771 0.794618 0.802883 
0.791614 0.793101 0.797608 0.79446 0.795606 0.796173 0.795978 0.79318 0.798072 0.79216 0.792684 0.790309 0.792551 0.795251 0.799182 0.797015 0.798195 0.79299 0.798731 0.796184 0.802058 1 0.796907 0.791814 0.789528 0.794506 0.79161 0.791637 0.795212 0.795855 0.795495 0.795525 0.790597 0.792488 0.796754 0.797005 0.796087 0.791833 0.795112 0.795794 0.796933 0.79226 0.792925 0.794319 0.793583 0.791553 0.794534 0.79162 0.792662 0.791593 0.794571 0.794082 0.796327 0.792595 0.79757 0.792925 0.79475 0.793647 0.796151 0.790127 0.795392 0.79771 0.788521 0.794186 0.793459 0.794155 0.790599 0.800333 0.793369 0.790459 0.791543 0.790238 0.797521 0.789958 0.795183 0.794574 0.791985 0.790944 0.793552 0.785624 0.793383 0.791282 0.791549 0.791909 0.79446 0.787037 0.792281 0.794091 0.792088 
0.795871 0.79322 0.795342 0.796434 0.794195 0.795087 0.796045 0.793349 0.797013 0.788971 0.794091 0.789704 0.790849 0.796962 0.791622 0.793706 0.798653 0.796548 0.793415 0.795078 0.801429 0.796907 1 0.792806 0.795247 0.79346 0.795722 0.794695 0.796822 0.797067 0.793944 0.792873 0.792357 0.792377 0.794234 0.791086 0.790954 0.794541 0.787355 0.794747 0.795624 0.794666 0.791069 0.793035 0.794515 0.791528 0.790024 0.798481 0.7929 0.790633 0.793854 0.794128 0.793951 0.792339 0.794128 0.792105 0.797288 0.794034 0.791233 0.791273 0.790767 0.795652 0.788812 0.793043 0.795309 0.792386 0.793721 0.792935 0.790741 0.794266 0.793624 0.790719 0.798316 0.792592 0.794367 0.789863 0.796182 0.795467 0.79504 0.785065 0.794586 0.787173 0.790354 0.791865 0.792133 0.79404 0.793881 0.7909 0.797614 
0.794597 0.796184 0.797839 0.796689 0.796354 0.79501 0.79564 0.794681 0.793249 0.795334 0.794896 0.790443 0.794608 0.800604 0.79355 0.796271 0.794293 0.794896 0.798691 0.794363 0.796888 0.791814 0.792806 1 0.796512 0.793777 0.794589 0.800716 0.795305 0.798538 0.797165 0.794884 0.795713 0.787908 0.795095 0.796185 0.794944 0.7924 0.79798 0.799595 0.801184 0.797015 0.793878 0.791842 0.796754 0.789188 0.789483 0.795254 0.794143 0.794992 0.794937 0.79474 0.796283 0.796363 0.79261 0.796082 0.79999 0.793685 0.79523 0.79291 0.789336 0.795155 0.794694 0.800106 0.796026 0.794902 0.791974 0.794743 0.795273 0.793511 0.797357 0.795647 0.793154 0.795276 0.795891 0.795639 0.797488 0.794675 0.794323 0.792036 0.791066 0.791405 0.789886 0.797519 0.794977 0.79389 0.790723 0.798116 0.799465 
0.798362 0.796325 0.794799 0.796085 0.796642 0.794577 0.795968 0.793528 0.795421 0.789278 0.797954 0.791335 0.794171 0.795526 0.792666 0.793851 0.798092 0.793252 0.796411 0.799459 0.799127 0.789528 0.795247 0.796512 1 0.796505 0.793592 0.797385 0.801038 0.797396 0.796451 0.798453 0.792802 0.793358 0.79336 0.794459 0.799573 0.795898 0.797939 0.797613 0.799751 0.795865 0.790716 0.794305 0.798055 0.793451 0.793827 0.797399 0.794963 0.794393 0.794154 0.792153 0.801027 0.798652 0.792991 0.797942 0.798186 0.794735 0.795085 0.79512 0.791369 0.794034 0.797845 0.794388 0.794346 0.794458 0.793075 0.795022 0.791728 0.797963 0.795283 0.796056 0.794097 0.791887 0.797485 0.795509 0.797286 0.795846 0.796004 0.790362 0.795541 0.791187 0.792589 0.796094 0.797276 0.793547 0.794541 0.794658 0.800205 
0.79705 0.794981 0.7985 0.793458 0.799399 0.794424 0.791135 0.79789 0.793976 0.797789 0.796177 0.798339 0.793201 0.799139 0.798933 0.792279 0.800666 0.792651 0.798138 0.797614 0.799142 0.794506 0.79346 0.793777 0.796505 1 0.792417 0.795087 0.795334 0.795704 0.796596 0.800349 0.796991 0.792386 0.797706 0.799854 0.793808 0.795601 0.797924 0.799045 0.799611 0.792924 0.79723 0.799868 0.798466 0.79091 0.789992 0.798278 0.792265 0.790871 0.794043 0.792864 0.797198 0.795971 0.78873 0.796264 0.794418 0.790554 0.793826 0.793184 0.790765 0.796031 0.792037 0.796697 0.794734 0.792991 0.794397 0.790369 0.79268 0.793174 0.791923 0.79553 0.794739 0.790548 0.794898 0.794098 0.796097 0.793951 0.791873 0.790775 0.793303 0.792726 0.791427 0.791654 0.795507 0.796212 0.791907 0.794853 0.799435 
0.790881 0.792829 0.799119 0.7935 0.797021 0.799818 0.795095 0.794277 0.791823 0.790975 0.794372 0.787448 0.795796 0.795468 0.791631 0.794195 0.793612 0.79388 0.795865 0.795109 0.79531 0.79161 0.795722 0.794589 0.793592 0.792417 1 0.792671 0.79017 0.79764 0.799292 0.795402 0.794966 0.79569 0.791175 0.796907 0.789319 0.790516 0.791768 0.794317 0.794695 0.792758 0.796864 0.7931 0.794844 0.790198 0.78562 0.791388 0.789381 0.793839 0.790133 0.793685 0.792779 0.791084 0.790229 0.795769 0.787566 0.790612 0.791781 0.790278 0.789448 0.798145 0.788064 0.794513 0.790517 0.792378 0.79238 0.794037 0.791591 0.794173 0.793441 0.791882 0.799333 0.788456 0.790817 0.792128 0.791354 0.791295 0.790023 0.78678 0.793722 0.792561 0.78776 0.789725 0.79082 0.791066 0.791251 0.79504 0.795599 
0.794121 0.792258 0.799903 0.792235 0.796318 0.795976 0.790354 0.797061 0.794089 0.792027 0.795323 0.79105 0.79522 0.797712 0.791225 0.793316 0.79449 0.792798 0.794702 0.795156 0.794662 0.791637 0.794695 0.800716 0.797385 0.795087 0.792671 1 0.796263 0.800831 0.797368 0.793487 0.792674 0.791724 0.791265 0.796721 0.795098 0.795608 0.789729 0.795128 0.797388 0.796628 0.793839 0.795153 0.793514 0.791472 0.792548 0.791474 0.794919 0.78795 0.79103 0.792313 0.793453 0.79216 0.794577 0.79499 0.793659 0.792157 0.790894 0.791125 0.790978 0.798458 0.793355 0.796992 0.792053 0.793431 0.794328 0.791732 0.791088 0.793709 0.794476 0.792938 0.800851 0.787361 0.795823 0.795342 0.796533 0.791673 0.791753 0.787185 0.795006 0.79211 0.795824 0.791865 0.795728 0.793247 0.790911 0.79004 0.794076 
0.793819 0.795099 0.796764 0.796895 0.799256 0.793293 0.79632 0.796047 0.795991 0.794923 0.796539 0.795402 0.791316 0.795632 0.792019 0.791323 0.794625 0.795025 0.796312 0.80233 0.796444 0.795212 0.796822 0.795305 0.801038 0.795334 0.79017 0.796263 1 0.799014 0.797242 0.793983 0.799166 0.790925 0.794226 0.790973 0.793609 0.789217 0.798391 0.793317 0.798704 0.79385 0.79311 0.797343 0.797371 0.790782 0.790217 0.795581 0.791259 0.790642 0.794914 0.79483 0.795541 0.791673 0.793005 0.793517 0.794164 0.79407 0.790491 0.795919 0.789774 0.797152 0.793674 0.794448 0.793939 0.7902 0.793097 0.790902 0.795134 0.795115 0.791492 0.794246 0.797367 0.792201 0.795563 0.79388 0.802344 0.796152 0.793552 0.788456 0.789933 0.788151 0.791525 0.789214 0.793612 0.789098 0.791223 0.794189 0.79697 
0.79466 0.793648 0.804991 0.803867 0.799 0.799616 0.796517 0.803797 0.800513 0.799372 0.797698 0.796785 0.798716 0.799524 0.795596 0.79822 0.800005 0.803596 0.796266 0.803552 0.798456 0.795855 0.797067 0.798538 0.797396 0.795704 0.79764 0.800831 0.799014 1 0.79576 0.797526 0.794533 0.796576 0.798207 0.800958 0.798154 0.795039 0.798455 0.799121 0.797131 0.800298 0.797686 0.795217 0.797834 0.792524 0.795159 0.794441 0.792084 0.7953 0.80303 0.795666 0.798458 0.797503 0.796113 0.803223 0.801767 0.799298 0.794223 0.796087 0.796666 0.801893 0.793942 0.797011 0.795836 0.792301 0.798159 0.793123 0.796519 0.802186 0.802696 0.797211 0.798054 0.794512 0.797812 0.797881 0.798021 0.797653 0.796955 0.794535 0.797355 0.797314 0.793022 0.794976 0.798532 0.795598 0.795968 0.795142 0.797244 
0.797207 0.79363 0.799222 0.796992 0.79551 0.796194 0.794319 0.795958 0.792657 0.796569 0.797268 0.79441 0.794592 0.798603 0.795896 0.792485 0.799894 0.793883 0.795216 0.795835 0.797991 0.795495 0.793944 0.797165 0.796451 0.796596 0.799292 0.797368 0.797242 0.79576 1 0.795368 0.797941 0.795271 0.80002 0.796477 0.797965 0.79499 0.793977 0.798893 0.793684 0.794412 0.797584 0.791667 0.796019 0.792843 0.791888 0.796593 0.793034 0.790604 0.79311 0.793063 0.800774 0.79228 0.795512 0.798397 0.797142 0.795708 0.795278 0.794372 0.794908 0.796694 0.79453 0.799864 0.799535 0.791178 0.796144 0.795573 0.794205 0.792298 0.797636 0.793944 0.795456 0.79378 0.795197 0.795503 0.793605 0.794784 0.793605 0.787501 0.793016 0.797821 0.792018 0.795574 0.794007 0.79508 0.794304 0.796731 0.798204 
0.797247 0.798485 0.798491 0.794492 0.800228 0.798652 0.795657 0.790485 0.795073 0.794641 0.796725 0.795188 0.79887 0.799031 0.793288 0.792533 0.797572 0.792799 0.797118 0.795913 0.799889 0.795525 0.792873 0.794884 0.798453 0.800349 0.795402 0.793487 0.793983 0.797526 0.795368 1 0.799924 0.797127 0.795785 0.794734 0.795362 0.796728 0.79836 0.795236 0.797984 0.79921 0.795338 0.79748 0.796278 0.790175 0.794459 0.797138 0.791321 0.791749 0.792962 0.794493 0.802275 0.796247 0.79837 0.797625 0.797865 0.792593 0.793077 0.798693 0.792574 0.795252 0.794867 0.799109 0.79548 0.789504 0.79653 0.791186 0.792603 0.797381 0.794329 0.799544 0.793735 0.796291 0.796189 0.796711 0.797422 0.795978 0.796005 0.794357 0.792329 0.792307 0.793089 0.796551 0.795714 0.7939 0.798883 0.799873 0.798557 
0.790525 0.79023 0.802251 0.791542 0.795411 0.797929 0.793219 0.796462 0.796904 0.791268 0.79289 0.795182 0.795111 0.798077 0.79696 0.79311 0.791976 0.795435 0.794207 0.793012 0.799879 0.790597 0.792357 0.795713 0.792802 0.796991 0.794966 0.792674 0.799166 0.794533 0.797941 0.799924 1 0.789036 0.796731 0.796444 0.796565 0.795467 0.794887 0.794779 0.797556 0.795819 0.796908 0.792273 0.795176 0.796315 0.789808 0.791561 0.794025 0.794735 0.795074 0.79252 0.797028 0.794388 0.791747 0.79451 0.793755 0.792235 0.793886 0.795864 0.791658 0.802013 0.793881 0.797572 0.793338 0.790735 0.794925 0.791267 0.792091 0.793638 0.796896 0.794043 0.799491 0.790366 0.795624 0.791419 0.796109 0.795145 0.794235 0.789394 0.791686 0.790132 0.787591 0.790234 0.79466 0.792781 0.792565 0.792603 0.798805 
0.78982 0.794043 0.797323 0.793807 0.792586 0.792753 0.790568 0.792372 0.796184 0.793434 0.794253 0.788385 0.788606 0.794537 0.791071 0.789236 0.798634 0.791373 0.794589 0.796661 0.793352 0.792488 0.792377 0.787908 0.793358 0.792386 0.79569 0.791724 0.790925 0.796576 0.795271 0.797127 0.789036 1 0.789357 0.794282 0.791167 0.797092 0.787365 0.796055 0.796406 0.790935 0.797641 0.79219 0.795183 0.792471 0.78791 0.792004 0.79642 0.789168 0.789868 0.79446 0.796034 0.793569 0.799301 0.794737 0.793787 0.790004 0.792048 0.789078 0.789183 0.794527 0.790848 0.793988 0.788201 0.791111 0.792436 0.791341 0.79223 0.792554 0.784056 0.792024 0.793403 0.790099 0.789074 0.791171 0.789934 0.793105 0.789633 0.78897 0.793727 0.789242 0.78596 0.788974 0.797455 0.790584 0.789706 0.794544 0.793956 
0.792886 0.797079 0.803358 0.800238 0.79585 0.801811 0.795144 0.793295 0.798958 0.794576 0.796781 0.791606 0.793278 0.798734 0.798068 0.795582 0.79239 0.793353 0.800051 0.798202 0.798015 0.796754 0.794234 0.795095 0.79336 0.797706 0.791175 0.791265 0.794226 0.798207 0.80002 0.795785 0.796731 0.789357 1 0.797673 0.797649 0.799111 0.795215 0.799039 0.799499 0.798711 0.794714 0.791128 0.799402 0.790819 0.793106 0.795278 0.792931 0.792168 0.791161 0.798252 0.797379 0.793483 0.792658 0.795867 0.79372 0.792887 0.790842 0.795702 0.793947 0.794271 0.790632 0.796373 0.798489 0.790949 0.795313 0.794661 0.793393 0.793735 0.792532 0.794258 0.795417 0.789712 0.791159 0.795853 0.798835 0.794685 0.79448 0.787459 0.795259 0.791233 0.792225 0.798731 0.79331 0.791985 0.796706 0.797957 0.796563 
0.794277 0.796556 0.800066 0.796711 0.797622 0.797499 0.78755 0.79557 0.797234 0.795669 0.792874 0.794541 0.793309 0.79954 0.793003 0.794841 0.796461 0.795083 0.797228 0.80215 0.797477 0.797005 0.791086 0.796185 0.794459 0.799854 0.796907 0.796721 0.790973 0.800958 0.796477 0.794734 0.796444 0.794282 0.797673 1 0.795711 0.798246 0.794888 0.797499 0.801106 0.795604 0.79711 0.797087 0.79963 0.791732 0.793709 0.796242 0.793044 0.794079 0.791084 0.794783 0.793926 0.796253 0.79431 0.793365 0.794173 0.794792 0.789208 0.796486 0.793762 0.798719 0.794877 0.799475 0.792255 0.793154 0.79601 0.79883 0.791677 0.791128 0.796704 0.792894 0.796321 0.790572 0.792256 0.794825 0.791698 0.79589 0.795377 0.786519 0.792949 0.795923 0.794081 0.793291 0.797844 0.79407 0.790204 0.794952 0.799095 
0.793879 0.791697 0.796234 0.796259 0.796396 0.794949 0.792566 0.794684 0.796214 0.78927 0.797717 0.791546 0.794068 0.794671 0.795649 0.795995 0.794234 0.792611 0.79895 0.798264 0.79622 0.796087 0.790954 0.794944 0.799573 0.793808 0.789319 0.795098 0.793609 0.798154 0.797965 0.795362 0.796565 0.791167 0.797649 0.795711 1 0.793108 0.793934 0.794726 0.800633 0.794234 0.796699 0.793654 0.794573 0.790247 0.789787 0.792618 0.793542 0.795094 0.794019 0.794246 0.797273 0.798089 0.791933 0.796373 0.79407 0.79185 0.792834 0.79162 0.792426 0.796514 0.790995 0.797165 0.793208 0.79264 0.792932 0.794856 0.791049 0.792044 0.79429 0.78558 0.796704 0.790759 0.792188 0.794051 0.793246 0.793769 0.794588 0.786062 0.792553 0.789621 0.793216 0.792243 0.797656 0.793591 0.794343 0.795053 0.797503 
0.792924 0.791335 0.792708 0.795437 0.796811 0.797097 0.792315 0.792192 0.795282 0.791724 0.795087 0.789544 0.792618 0.796227 0.795123 0.791935 0.791799 0.793839 0.790889 0.800157 0.794806 0.791833 0.794541 0.7924 0.795898 0.795601 0.790516 0.795608 0.789217 0.795039 0.79499 0.796728 0.795467 0.797092 0.799111 0.798246 0.793108 1 0.798386 0.796238 0.794757 0.793376 0.789872 0.795094 0.796504 0.790404 0.792543 0.78943 0.793771 0.791896 0.791726 0.793262 0.792873 0.7958 0.793978 0.79477 0.795621 0.789058 0.793581 0.789171 0.790661 0.793983 0.793051 0.795716 0.792137 0.790864 0.789719 0.792167 0.796249 0.795791 0.793905 0.793775 0.791012 0.790541 0.790288 0.797147 0.798083 0.789298 0.792936 0.785184 0.790242 0.788776 0.788299 0.793374 0.792179 0.790687 0.790529 0.794869 0.796824 
0.794389 0.795119 0.796269 0.799544 0.799561 0.794396 0.796353 0.793702 0.795652 0.794757 0.793308 0.793053 0.796055 0.792968 0.794202 0.793263 0.797689 0.797441 0.794756 0.795496 0.793337 0.795112 0.787355 0.79798 0.797939 0.797924 0.791768 0.789729 0.798391 0.798455 0.793977 0.79836 0.794887 0.787365 0.795215 0.794888 0.793934 0.798386 1 0.795218 0.795453 0.793424 0.792311 0.794004 0.795072 0.794427 0.79092 0.79092 0.792793 0.791033 0.793289 0.790655 0.79328 0.799084 0.795436 0.797357 0.798298 0.795097 0.795981 0.79607 0.788831 0.795729 0.793172 0.793824 0.795194 0.788651 0.791416 0.79357 0.794771 0.793373 0.798399 0.792595 0.793085 0.79082 0.793551 0.793101 0.794937 0.794179 0.795193 0.784884 0.791052 0.795174 0.789811 0.793266 0.796333 0.790053 0.788728 0.795232 0.801099 
0.797128 0.795355 0.799048 0.796492 0.799717 0.795618 0.796646 0.796573 0.798937 0.795828 0.801178 0.79415 0.801281 0.794247 0.797672 0.795296 0.800344 0.797726 0.798551 0.797966 0.798262 0.795794 0.794747 0.799595 0.797613 0.799045 0.794317 0.795128 0.793317 0.799121 0.798893 0.795236 0.794779 0.796055 0.799039 0.797499 0.794726 0.796238 0.795218 1 0.798711 0.798459 0.796909 0.797966 0.798606 0.793211 0.794137 0.794699 0.7943 0.792166 0.790787 0.793196 0.795995 0.797112 0.798286 0.797303 0.794703 0.795516 0.791087 0.795019 0.78947 0.79581 0.79286 0.79601 0.795097 0.79304 0.790667 0.793761 0.792602 0.795973 0.796921 0.79581 0.792365 0.792877 0.793073 0.789561 0.799458 0.790878 0.796204 0.790304 0.792418 0.790392 0.793334 0.794437 0.800411 0.796416 0.792028 0.793731 0.79804 
0.795611 0.791905 0.799415 0.798966 0.799717 0.801067 0.792676 0.79721 0.800726 0.798093 0.792513 0.79249 0.79878 0.795862 0.799843 0.794719 0.79682 0.793729 0.803487 0.800071 0.801273 0.796933 0.795624 0.801184 0.799751 0.799611 0.794695 0.797388 0.798704 0.797131 0.793684 0.797984 0.797556 0.796406 0.799499 0.801106 0.800633 0.794757 0.795453 0.798711 1 0.798324 0.797441 0.799255 0.798288 0.791799 0.79515 0.796263 0.799213 0.794097 0.792372 0.800465 0.800096 0.800526 0.793107 0.79189 0.794718 0.794872 0.791939 0.799373 0.791961 0.795085 0.79555 0.799869 0.796692 0.793459 0.794471 0.794492 0.797808 0.792924 0.795241 0.79552 0.796927 0.795867 0.795247 0.793421 0.798739 0.798907 0.798393 0.791452 0.794847 0.792497 0.796169 0.797691 0.800775 0.796131 0.795991 0.798969 0.799359 
0.798745 0.797426 0.796415 0.79428 0.798989 0.794939 0.795731 0.795789 0.794717 0.791692 0.795367 0.792974 0.791905 0.793279 0.797583 0.79255 0.793004 0.798541 0.796006 0.795724 0.796293 0.79226 0.794666 0.797015 0.795865 0.792924 0.792758 0.796628 0.79385 0.800298 0.794412 0.79921 0.795819 0.790935 0.798711 0.795604 0.794234 0.793376 0.793424 0.798459 0.798324 1 0.794653 0.797491 0.800704 0.792822 0.795555 0.79798 0.795817 0.795381 0.792136 0.794343 0.80039 0.79467 0.794876 0.792356 0.796783 0.792187 0.793268 0.798393 0.794127 0.795162 0.79236 0.795311 0.795702 0.792176 0.789458 0.797445 0.795733 0.79534 0.794847 0.79102 0.790504 0.795498 0.79638 0.791837 0.800755 0.791936 0.796883 0.793718 0.79678 0.796165 0.797745 0.796206 0.797543 0.793893 0.794541 0.796389 0.796765 
0.794121 0.795142 0.794749 0.794389 0.799378 0.798259 0.79691 0.802579 0.792258 0.791047 0.798013 0.793794 0.796725 0.798069 0.791264 0.795763 0.795515 0.797278 0.796459 0.792376 0.803845 0.792925 0.791069 0.793878 0.790716 0.79723 0.796864 0.793839 0.79311 0.797686 0.797584 0.795338 0.796908 0.797641 0.794714 0.79711 0.796699 0.789872 0.792311 0.796909 0.797441 0.794653 1 0.794998 0.798657 0.789471 0.790502 0.79546 0.790008 0.788564 0.792546 0.79341 0.792261 0.799266 0.797444 0.796975 0.794143 0.792012 0.794787 0.793301 0.794077 0.794714 0.791671 0.795389 0.794446 0.792012 0.7957 0.798681 0.794346 0.797411 0.790752 0.789024 0.796764 0.787449 0.795391 0.787821 0.792425 0.795489 0.795495 0.786065 0.795947 0.792771 0.791915 0.792227 0.798778 0.793232 0.787768 0.793973 0.797948 
0.791377 0.797033 0.797617 0.797275 0.799381 0.795414 0.789829 0.795816 0.793567 0.794688 0.793582 0.793498 0.790421 0.793632 0.795191 0.793779 0.793963 0.79077 0.797714 0.796606 0.798764 0.794319 0.793035 0.791842 0.794305 0.799868 0.7931 0.795153 0.797343 0.795217 0.791667 0.79748 0.792273 0.79219 0.791128 0.797087 0.793654 0.795094 0.794004 0.797966 0.799255 0.797491 0.794998 1 0.794786 0.79371 0.790399 0.794802 0.79032 0.792998 0.790367 0.789548 0.796701 0.794271 0.795571 0.797697 0.790177 0.791343 0.789673 0.790065 0.790324 0.797684 0.789026 0.792535 0.790938 0.790652 0.79576 0.795699 0.795395 0.792284 0.793092 0.793643 0.793617 0.791717 0.793091 0.792929 0.796245 0.792007 0.792233 0.788695 0.788939 0.791116 0.792666 0.788328 0.794485 0.789866 0.788203 0.790408 0.796993 
0.796074 0.801167 0.798323 0.790858 0.802395 0.792889 0.795275 0.800549 0.800153 0.794134 0.79843 0.79604 0.797109 0.796837 0.796179 0.795578 0.799049 0.796771 0.79802 0.798808 0.794636 0.793583 0.794515 0.796754 0.798055 0.798466 0.794844 0.793514 0.797371 0.797834 0.796019 0.796278 0.795176 0.795183 0.799402 0.79963 0.794573 0.796504 0.795072 0.798606 0.798288 0.800704 0.798657 0.794786 1 0.794746 0.789854 0.797716 0.795195 0.789376 0.793874 0.793668 0.796617 0.793313 0.793646 0.795631 0.793396 0.794976 0.791502 0.800061 0.792942 0.797184 0.78818 0.794585 0.792759 0.790091 0.792519 0.792692 0.792742 0.793775 0.794894 0.794119 0.792438 0.795036 0.793132 0.792445 0.796547 0.796166 0.798298 0.789192 0.794268 0.793738 0.794586 0.790652 0.793709 0.793129 0.79218 0.799124 0.7955 
0.790262 0.790492 0.794496 0.793285 0.796257 0.790549 0.791332 0.792051 0.789994 0.789287 0.794876 0.791464 0.78981 0.789726 0.793421 0.789919 0.794094 0.788942 0.793061 0.792275 0.791599 0.791553 0.791528 0.789188 0.793451 0.79091 0.790198 0.791472 0.790782 0.792524 0.792843 0.790175 0.796315 0.792471 0.790819 0.791732 0.790247 0.790404 0.794427 0.793211 0.791799 0.792822 0.789471 0.79371 0.794746 1 0.792191 0.79444 0.800924 0.799165 0.796098 0.793899 0.801762 0.798657 0.796926 0.796958 0.795284 0.797074 0.795879 0.799838 0.793379 0.797816 0.794645 0.799707 0.797144 0.791214 0.798458 0.798059 0.789762 0.793756 0.800061 0.796386 0.79594 0.794395 0.79336 0.794516 0.796785 0.793687 0.796642 0.790434 0.795407 0.794758 0.793769 0.79395 0.796434 0.791479 0.792039 0.793667 0.805486 
0.78894 0.792968 0.790919 0.79091 0.792143 0.793227 0.786845 0.790987 0.795104 0.790773 0.792063 0.787222 0.789849 0.79627 0.792327 0.791469 0.791783 0.786686 0.794051 0.800662 0.798437 0.794534 0.790024 0.789483 0.793827 0.789992 0.78562 0.792548 0.790217 0.795159 0.791888 0.794459 0.789808 0.78791 0.793106 0.793709 0.789787 0.792543 0.79092 0.794137 0.79515 0.795555 0.790502 0.790399 0.789854 0.792191 1 0.795457 0.79321 0.792867 0.79299 0.795993 0.795662 0.794077 0.794558 0.7949 0.793903 0.790447 0.796687 0.796901 0.791573 0.796898 0.793051 0.797935 0.790617 0.794288 0.791093 0.792291 0.79177 0.795484 0.796188 0.795407 0.79764 0.793113 0.796541 0.793445 0.794434 0.794322 0.792287 0.788981 0.795227 0.790772 0.794773 0.796041 0.79663 0.795859 0.796174 0.79393 0.79973 
0.79515 0.795836 0.795523 0.789927 0.798157 0.794128 0.794898 0.795944 0.79402 0.792077 0.791344 0.795005 0.793921 0.79504 0.793324 0.789934 0.796101 0.792219 0.794358 0.795724 0.797824 0.79162 0.798481 0.795254 0.797399 0.798278 0.791388 0.791474 0.795581 0.794441 0.796593 0.797138 0.791561 0.792004 0.795278 0.796242 0.792618 0.78943 0.79092 0.794699 0.796263 0.79798 0.79546 0.794802 0.797716 0.79444 0.795457 1 0.794541 0.794911 0.796277 0.794256 0.794522 0.796724 0.79739 0.796459 0.795939 0.800025 0.795642 0.795893 0.794282 0.800881 0.790824 0.799762 0.793507 0.795636 0.795184 0.792173 0.792112 0.799225 0.794162 0.799514 0.794565 0.797005 0.79432 0.790838 0.795915 0.793256 0.793291 0.789856 0.795449 0.792256 0.794493 0.79569 0.794239 0.79676 0.794264 0.79639 0.800224 
0.787487 0.790569 0.794566 0.793447 0.796059 0.790501 0.791382 0.792445 0.794225 0.784699 0.790621 0.789193 0.794583 0.799269 0.793806 0.788749 0.790554 0.790767 0.792356 0.79229 0.79066 0.792662 0.7929 0.794143 0.794963 0.792265 0.789381 0.794919 0.791259 0.792084 0.793034 0.791321 0.794025 0.79642 0.792931 0.793044 0.793542 0.793771 0.792793 0.7943 0.799213 0.795817 0.790008 0.79032 0.795195 0.800924 0.79321 0.794541 1 0.796901 0.795202 0.796438 0.796479 0.796882 0.79387 0.795355 0.794847 0.790684 0.792685 0.797878 0.793628 0.796479 0.800527 0.797035 0.793419 0.791891 0.794462 0.797957 0.79231 0.792723 0.794844 0.797468 0.792696 0.790897 0.79414 0.796899 0.798857 0.796319 0.796718 0.793854 0.796238 0.795886 0.792491 0.794065 0.798094 0.800041 0.795134 0.7948 0.800232 
0.790779 0.79786 0.793542 0.792792 0.794464 0.792482 0.790952 0.792324 0.796856 0.792535 0.793609 0.792249 0.788309 0.792374 0.793926 0.791726 0.790649 0.79275 0.792481 0.79263 0.792294 0.791593 0.790633 0.794992 0.794393 0.790871 0.793839 0.78795 0.790642 0.7953 0.790604 0.791749 0.794735 0.789168 0.792168 0.794079 0.795094 0.791896 0.791033 0.792166 0.794097 0.795381 0.788564 0.792998 0.789376 0.799165 0.792867 0.794911 0.796901 1 0.796587 0.794293 0.795591 0.793664 0.796296 0.796107 0.795193 0.795895 0.793951 0.800879 0.792187 0.799369 0.798766 0.795518 0.794853 0.800239 0.796835 0.795632 0.790937 0.798625 0.798641 0.795375 0.791837 0.796328 0.793554 0.793017 0.792682 0.795548 0.794199 0.794385 0.797323 0.79418 0.791702 0.797711 0.795258 0.793908 0.79693 0.792941 0.800707 
